n02799071_10481.jpg 1 303 193 63 63
n02799071_10990.jpg 0
n02799071_11291.jpg 0
n02799071_12862.jpg 0
n02799071_16409.jpg 0
n02799071_2174.jpg 0
n02799071_25420.jpg 0
n02799071_2663.jpg 0
n02799071_27403.jpg 1 220 220 82 82
n02799071_352.jpg 0
n02799071_4339.jpg 0
n02799071_4432.jpg 1 132 132 32 32
n02799071_4685.jpg 0
n02799071_5299.jpg 0
n02799071_5419.jpg 1 82 81 67 67
n02799071_5726.jpg 0
n02799071_6677.jpg 0
n02799071_7126.jpg 0
n02799071_7426.jpg 0
n02799071_7765.jpg 0
n02799071_8434.jpg 0
n02799071_9369.jpg 1 152 89 185 185
n02799071_9439.jpg 0
n02799071_9666.jpg 1 5 38 70 70
n02802426_10109.jpg 1 110 253 25 25
n02802426_1071.jpg 0
n02802426_1130.jpg 0
n02802426_1167.jpg 2 95 140 30 30 128 4 86 86
n02802426_11764.jpg 1 205 5 44 44
n02802426_11890.jpg 0
n02802426_12389.jpg 0
n02802426_12647.jpg 0
n02802426_12868.jpg 1 245 268 44 44
n02802426_13030.jpg 0
n02802426_13133.jpg 0
n02802426_2034.jpg 0
n02802426_2744.jpg 2 197 329 30 30 89 139 72 72
n02802426_4040.jpg 1 425 185 61 61
n02802426_4129.jpg 0
n02802426_4197.jpg 0
n02802426_5016.jpg 0
n02802426_580.jpg 0
n02802426_6147.jpg 0
n02802426_6315.jpg 0
n02802426_7562.jpg 0
n02802426_7865.jpg 1 35 189 59 59
n02802426_8153.jpg 0
n02802426_8291.jpg 1 120 25 37 37
n02802426_8721.jpg 0
n02802426_9099.jpg 0
n02882301_1419.jpg 0
n02882301_1499.jpg 1 285 67 29 29
n02882301_455.jpg 1 168 297 36 36
n03134739_1021.jpg 0
n03134739_122.jpg 0
n03134739_1281.jpg 0
n03134739_1724.jpg 1 244 218 55 55
n03134739_1741.jpg 0
n03134739_206.jpg 1 308 31 144 144
n03134739_2615.jpg 0
n03134739_3468.jpg 0
n03134739_3564.jpg 0
n03134739_4339.jpg 0
n03134739_4367.jpg 0
n03134739_4416.jpg 0
n03134739_4469.jpg 0
n03134739_5586.jpg 0
n03134739_581.jpg 0
n03134739_6484.jpg 0
n03134739_7079.jpg 0
n03134739_711.jpg 0
n03134739_7389.jpg 0
n03134739_9388.jpg 0
n03145719_1044.jpg 1 396 171 86 86
n03145719_1357.jpg 0
n03145719_5738.jpg 1 89 223 145 145
n03145719_7595.jpg 0
n03267113_1098.jpg 1 173 133 108 108
n03267113_1574.jpg 2 148 395 65 65 121 324 67 67
n03267113_2761.jpg 0
n03267113_3295.jpg 1 120 66 38 38
n03267113_4115.jpg 3 394 68 51 51 161 80 54 54 206 88 58 58
n03267113_441.jpg 3 149 173 25 25 288 211 42 42 104 351 81 81
n03267113_461.jpg 0
n03267113_4647.jpg 2 134 208 50 50 69 105 73 73
n03267113_5826.jpg 1 232 150 57 57
n03267113_589.jpg 4 419 151 25 25 69 154 60 60 149 239 64 64 270 173 108 108
n03267113_7661.jpg 1 78 38 168 168
n03721047_2214.jpg 1 222 82 254 254
n03721047_250.jpg 1 123 82 184 184
n03721047_274.jpg 0
n03721047_4085.jpg 4 344 90 43 43 196 77 82 82 90 77 95 95 291 75 99 99
n03721047_656.jpg 0
n03721047_8993.jpg 1 161 246 80 80
n03721047_9248.jpg 0
n03721047_9523.jpg 0
n03721047_9665.jpg 0
n03721047_9700.jpg 1 159 94 67 67
n03742019_2541.jpg 2 103 51 259 259 349 35 256 256
n03742019_2668.jpg 0
n03742019_2752.jpg 0
n03742019_2794.jpg 0
n03742019_3692.jpg 0
n03742019_4283.jpg 0
n03742019_5687.jpg 0
n03742019_6147.jpg 0
n03742019_6520.jpg 0
n03742019_6763.jpg 1 271 139 112 112
n03742019_6967.jpg 1 30 7 85 85
n03742019_7026.jpg 1 111 119 62 62
n03742019_7523.jpg 1 24 22 248 248
n03742019_7852.jpg 1 58 53 165 165
n03942813_2956.jpg 9 427 140 25 25 347 0 28 28 398 288 31 31 98 298 32 32 176 267 35 35 292 287 36 36 212 272 34 34 139 283 34 34 190 227 39 39
n03942813_3468.jpg 2 23 76 28 28 57 170 50 50
n03942813_352.jpg 1 267 240 45 45
n03942813_3709.jpg 1 102 185 71 71
n03942813_4594.jpg 1 79 49 115 115
n03942813_4693.jpg 0
n03942813_5593.jpg 2 307 9 28 28 144 85 89 89
n03942813_5850.jpg 2 161 112 28 28 240 0 150 150
n03942813_7780.jpg 1 1 293 50 50
n03942813_7791.jpg 0
n03942813_8841.jpg 1 257 199 28 28
n03942813_8925.jpg 1 206 26 52 52
n03942813_9001.jpg 0
n03942813_9090.jpg 1 88 273 26 26
n03942813_9271.jpg 0
n03982232_1352.jpg 2 61 281 24 24 446 288 35 35
n03982232_1744.jpg 0
n03982232_2212.jpg 1 126 42 237 237
n03982232_297.jpg 0
n03982232_329.jpg 0
n03982232_3311.jpg 2 306 214 30 30 341 216 56 56
n03982232_383.jpg 2 128 373 44 44 127 284 52 52
n03982232_4377.jpg 1 270 193 84 84
n03982232_4583.jpg 5 288 183 34 34 231 176 51 51 187 176 54 54 89 165 93 93 243 168 84 84
n03982232_4671.jpg 2 20 108 53 53 352 122 62 62
n03982232_540.jpg 1 140 60 163 163
n03982232_5971.jpg 3 174 147 65 65 388 112 71 71 308 100 76 76
n03982232_6668.jpg 0
n03982232_7456.jpg 0
n03982232_8290.jpg 0
n04409515_10312.jpg 0
n04409515_11818.jpg 0
n04409515_1251.jpg 1 209 335 101 101
n04409515_13007.jpg 2 202 245 105 105 139 190 132 132
n04409515_1623.jpg 1 212 365 51 51
n04409515_1712.jpg 1 142 89 78 78
n04409515_1768.jpg 0
n04409515_17747.jpg 0
n04409515_19377.jpg 0
n04409515_21754.jpg 1 140 185 45 45
n04409515_2591.jpg 0
n04409515_2637.jpg 0
n04409515_2723.jpg 0
n04409515_5682.jpg 1 30 33 56 56
n04409515_6495.jpg 1 104 9 324 324
n04540053_11814.jpg 1 22 4 260 260
n04540053_12074.jpg 0
n04540053_1253.jpg 0
n04540053_13496.jpg 1 70 26 54 54
n04540053_14217.jpg 0
n04540053_1470.jpg 0
n04540053_15031.jpg 0
n04540053_2131.jpg 0
n04540053_2139.jpg 1 148 28 28 28
n04540053_2866.jpg 0
n04540053_3229.jpg 0
n04540053_3485.jpg 0
n04540053_3577.jpg 1 179 46 29 29
n04540053_3650.jpg 0
n04540053_3782.jpg 0
n04540053_4301.jpg 0
n04540053_6759.jpg 1 163 23 48 48
n04540053_8002.jpg 0
n04540053_9053.jpg 0
n04540053_9709.jpg 1 225 180 57 57
