n02799071_10481.jpg 1 301 189 69 69
n02799071_10990.jpg 0
n02799071_11291.jpg 0
n02799071_12862.jpg 0
n02799071_16409.jpg 1 40 41 261 261
n02799071_2174.jpg 1 186 29 26 26
n02799071_25420.jpg 1 234 64 27 27
n02799071_2663.jpg 1 244 131 100 100
n02799071_27403.jpg 1 217 215 89 89
n02799071_352.jpg 0
n02799071_4339.jpg 0
n02799071_4432.jpg 0
n02799071_4685.jpg 0
n02799071_5299.jpg 0
n02799071_5419.jpg 1 78 80 71 71
n02799071_5726.jpg 1 373 315 26 26
n02799071_6677.jpg 1 355 14 24 24
n02799071_7126.jpg 0
n02799071_7426.jpg 1 66 62 248 248
n02799071_7765.jpg 1 229 47 43 43
n02799071_8434.jpg 0
n02799071_9369.jpg 1 124 73 222 222
n02799071_9439.jpg 0
n02799071_9666.jpg 2 229 166 36 36 5 40 65 65
n02802426_10109.jpg 0
n02802426_1071.jpg 0
n02802426_1130.jpg 0
n02802426_1167.jpg 0
n02802426_11764.jpg 2 204 5 44 44 132 152 65 65
n02802426_11890.jpg 0
n02802426_12389.jpg 0
n02802426_12647.jpg 0
n02802426_12868.jpg 0
n02802426_13030.jpg 0
n02802426_13133.jpg 0
n02802426_2034.jpg 1 393 221 25 25
n02802426_2744.jpg 0
n02802426_4040.jpg 1 420 182 64 64
n02802426_4129.jpg 0
n02802426_4197.jpg 0
n02802426_5016.jpg 0
n02802426_580.jpg 0
n02802426_6147.jpg 0
n02802426_6315.jpg 0
n02802426_7562.jpg 0
n02802426_7865.jpg 0
n02802426_8153.jpg 0
n02802426_8291.jpg 0
n02802426_8721.jpg 0
n02802426_9099.jpg 0
n02882301_1419.jpg 1 177 175 63 63
n02882301_1499.jpg 2 284 66 32 32 72 382 49 49
n02882301_455.jpg 1 167 296 37 37
n03134739_1021.jpg 0
n03134739_122.jpg 0
n03134739_1281.jpg 0
n03134739_1724.jpg 1 245 216 56 56
n03134739_1741.jpg 0
n03134739_206.jpg 1 297 25 161 161
n03134739_2615.jpg 1 186 151 91 91
n03134739_3468.jpg 0
n03134739_3564.jpg 0
n03134739_4339.jpg 0
n03134739_4367.jpg 0
n03134739_4416.jpg 0
n03134739_4469.jpg 0
n03134739_5586.jpg 0
n03134739_581.jpg 0
n03134739_6484.jpg 0
n03134739_7079.jpg 0
n03134739_711.jpg 0
n03134739_7389.jpg 0
n03134739_9388.jpg 0
n03145719_1044.jpg 1 403 167 87 87
n03145719_1357.jpg 1 69 268 47 47
n03145719_5738.jpg 1 77 217 162 162
n03145719_7595.jpg 1 221 265 50 50
n03267113_1098.jpg 0
n03267113_1574.jpg 2 121 325 64 64 144 388 70 70
n03267113_2761.jpg 1 69 61 55 55
n03267113_3295.jpg 2 130 33 31 31 119 64 40 40
n03267113_4115.jpg 3 394 67 53 53 160 79 57 57 204 84 62 62
n03267113_441.jpg 3 149 172 28 28 287 209 42 42 98 347 88 88
n03267113_461.jpg 0
n03267113_4647.jpg 0
n03267113_5826.jpg 1 224 149 61 61
n03267113_589.jpg 3 420 151 24 24 70 151 54 54 147 238 63 63
n03267113_7661.jpg 1 72 40 174 174
n03721047_2214.jpg 0
n03721047_250.jpg 0
n03721047_274.jpg 0
n03721047_4085.jpg 2 304 71 70 70 96 70 98 98
n03721047_656.jpg 1 114 20 288 288
n03721047_8993.jpg 1 156 245 81 81
n03721047_9248.jpg 0
n03721047_9523.jpg 0
n03721047_9665.jpg 0
n03721047_9700.jpg 1 158 91 68 68
n03742019_2541.jpg 2 100 40 272 272 354 24 252 252
n03742019_2668.jpg 0
n03742019_2752.jpg 0
n03742019_2794.jpg 0
n03742019_3692.jpg 0
n03742019_4283.jpg 0
n03742019_5687.jpg 0
n03742019_6147.jpg 0
n03742019_6520.jpg 0
n03742019_6763.jpg 0
n03742019_6967.jpg 0
n03742019_7026.jpg 0
n03742019_7523.jpg 0
n03742019_7852.jpg 1 58 47 167 167
n03942813_2956.jpg 14 382 175 26 26 97 297 35 35 425 140 29 29 347 0 29 29 225 44 33 33 175 316 33 33 189 225 43 43 208 269 40 40 275 322 35 35 396 284 37 37 292 286 34 34 320 165 36 36 73 331 37 37 172 265 42 42
n03942813_3468.jpg 0
n03942813_352.jpg 1 266 236 45 45
n03942813_3709.jpg 1 98 185 76 76
n03942813_4594.jpg 1 70 45 126 126
n03942813_4693.jpg 0
n03942813_5593.jpg 1 306 8 34 34
n03942813_5850.jpg 4 302 347 27 27 190 290 29 29 160 109 33 33 242 2 151 151
n03942813_7780.jpg 1 0 287 58 58
n03942813_7791.jpg 0
n03942813_8841.jpg 0
n03942813_8925.jpg 1 203 24 56 56
n03942813_9001.jpg 0
n03942813_9090.jpg 2 89 271 26 26 102 86 30 30
n03942813_9271.jpg 0
n03982232_1352.jpg 2 60 280 26 26 155 266 50 50
n03982232_1744.jpg 1 266 101 29 29
n03982232_2212.jpg 1 120 40 244 244
n03982232_297.jpg 0
n03982232_329.jpg 1 302 28 41 41
n03982232_3311.jpg 0
n03982232_383.jpg 1 128 282 55 55
n03982232_4377.jpg 1 268 192 86 86
n03982232_4583.jpg 4 230 172 51 51 278 176 49 49 179 171 59 59 81 160 110 110
n03982232_4671.jpg 0
n03982232_540.jpg 1 133 53 189 189
n03982232_5971.jpg 3 168 140 84 84 309 96 81 81 71 12 205 205
n03982232_6668.jpg 0
n03982232_7456.jpg 1 302 77 24 24
n03982232_8290.jpg 0
n04409515_10312.jpg 0
n04409515_11818.jpg 0
n04409515_1251.jpg 1 205 329 106 106
n04409515_13007.jpg 1 136 188 149 149
n04409515_1623.jpg 1 208 366 55 55
n04409515_1712.jpg 1 140 77 82 82
n04409515_1768.jpg 0
n04409515_17747.jpg 0
n04409515_19377.jpg 1 164 118 25 25
n04409515_21754.jpg 1 136 184 50 50
n04409515_2591.jpg 0
n04409515_2637.jpg 0
n04409515_2723.jpg 0
n04409515_5682.jpg 1 23 30 60 60
n04409515_6495.jpg 1 90 4 346 346
n04540053_11814.jpg 0
n04540053_12074.jpg 0
n04540053_1253.jpg 0
n04540053_13496.jpg 0
n04540053_14217.jpg 0
n04540053_1470.jpg 0
n04540053_15031.jpg 0
n04540053_2131.jpg 0
n04540053_2139.jpg 0
n04540053_2866.jpg 0
n04540053_3229.jpg 0
n04540053_3485.jpg 0
n04540053_3577.jpg 1 179 45 31 31
n04540053_3650.jpg 0
n04540053_3782.jpg 0
n04540053_4301.jpg 0
n04540053_6759.jpg 0
n04540053_8002.jpg 0
n04540053_9053.jpg 0
n04540053_9709.jpg 0
