n02799071_10481.jpg 2 184 225 34 34 147 160 53 53
n02799071_10990.jpg 4 5 57 27 27 44 45 31 31 96 162 30 30 282 250 32 32
n02799071_11291.jpg 1 89 15 288 288
n02799071_12862.jpg 3 355 203 58 58 340 279 63 63 330 99 110 110
n02799071_16409.jpg 1 14 62 235 235
n02799071_2174.jpg 4 182 61 50 50 144 240 69 69 242 238 61 61 285 78 93 93
n02799071_25420.jpg 11 303 27 32 32 273 190 35 35 361 35 26 26 364 406 35 35 351 66 46 46 333 358 52 52 29 274 55 55 425 176 50 50 5 24 53 53 342 222 60 60 20 218 222 222
n02799071_2663.jpg 8 427 85 28 28 298 91 28 28 445 136 27 27 381 200 28 28 170 175 33 33 268 180 46 46 440 127 40 40 239 140 106 106
n02799071_27403.jpg 3 138 33 27 27 222 206 89 89 164 132 202 202
n02799071_352.jpg 3 118 84 57 57 156 120 57 57 9 172 107 107
n02799071_4339.jpg 3 38 112 44 44 120 142 58 58 85 80 216 216
n02799071_4432.jpg 10 316 1 29 29 169 178 29 29 187 265 26 26 258 223 27 27 288 235 30 30 338 271 42 42 248 153 49 49 135 210 65 65 148 156 61 61 224 158 147 147
n02799071_4685.jpg 9 179 210 26 26 148 37 26 26 107 141 27 27 311 204 50 50 76 189 61 61 431 8 63 63 184 43 106 106 89 17 104 104 167 23 223 223
n02799071_5299.jpg 6 46 110 31 31 174 18 32 32 120 217 32 32 365 44 38 38 334 14 45 45 431 2 50 50
n02799071_5419.jpg 15 176 1 25 25 322 291 25 25 245 134 31 31 320 365 28 28 29 170 27 27 86 390 34 34 310 465 31 31 318 330 33 33 315 310 62 62 112 129 66 66 145 70 77 77 313 403 70 70 8 142 70 70 162 111 104 104 85 12 222 222
n02799071_5726.jpg 7 155 181 32 32 229 322 29 29 302 89 38 38 358 290 64 64 128 249 71 71 153 336 108 108 206 162 147 147
n02799071_6677.jpg 6 236 19 27 27 128 160 28 28 31 65 30 30 249 81 49 49 251 236 52 52 329 51 91 91
n02799071_7126.jpg 1 85 97 38 38
n02799071_7426.jpg 1 193 257 31 31
n02799071_7765.jpg 2 210 10 90 90 125 148 168 168
n02799071_8434.jpg 3 109 62 28 28 27 438 30 30 129 383 42 42
n02799071_9369.jpg 2 164 194 54 54 205 114 67 67
n02799071_9439.jpg 2 537 8 74 74 494 370 72 72
n02799071_9666.jpg 9 186 12 31 31 175 276 29 29 67 232 26 26 233 302 28 28 460 66 25 25 3 53 49 49 156 268 54 54 62 58 85 85 312 4 105 105
n02802426_10109.jpg 10 211 300 24 24 246 150 26 26 142 295 35 35 100 352 48 48 33 246 61 61 154 259 56 56 168 334 57 57 230 337 57 57 226 303 100 100 31 241 116 116
n02802426_1071.jpg 4 161 190 30 30 178 140 48 48 246 304 62 62 172 206 62 62
n02802426_1130.jpg 6 108 300 24 24 4 466 28 28 33 100 28 28 213 88 57 57 175 360 69 69 170 268 96 96
n02802426_1167.jpg 9 193 311 27 27 330 280 27 27 317 418 26 26 338 406 37 37 141 356 50 50 192 362 48 48 273 405 56 56 219 99 65 65 314 247 70 70
n02802426_11764.jpg 9 105 298 24 24 240 236 24 24 270 105 33 33 280 416 37 37 28 142 35 35 168 169 37 37 206 299 54 54 233 343 56 56 199 295 121 121
n02802426_11890.jpg 0
n02802426_12389.jpg 8 206 30 28 28 4 228 26 26 151 352 29 29 14 455 27 27 228 382 28 28 74 126 38 38 25 259 53 53 185 110 84 84
n02802426_12647.jpg 1 55 25 41 41
n02802426_12868.jpg 10 384 230 28 28 44 62 33 33 449 70 30 30 396 151 28 28 430 112 38 38 199 201 42 42 55 95 56 56 288 145 54 54 35 44 68 68 272 100 108 108
n02802426_13030.jpg 0
n02802426_13133.jpg 10 76 207 26 26 11 68 49 49 131 444 34 34 225 109 57 57 160 116 56 56 223 226 60 60 176 28 57 57 77 43 60 60 146 146 89 89 22 90 112 112
n02802426_2034.jpg 7 170 241 27 27 156 26 54 54 303 261 52 52 164 85 61 61 269 262 55 55 86 140 65 65 24 216 81 81
n02802426_2744.jpg 14 300 348 26 26 107 142 26 26 465 147 26 26 287 77 30 30 237 167 24 24 69 68 30 30 95 69 29 29 205 110 34 34 278 165 45 45 123 224 51 51 262 46 51 51 58 54 51 51 219 330 69 69 377 108 87 87
n02802426_4040.jpg 4 430 180 63 63 303 23 69 69 216 131 91 91 160 8 273 273
n02802426_4129.jpg 8 105 16 25 25 200 280 29 29 203 119 28 28 90 5 49 49 102 162 54 54 259 59 56 56 113 312 91 91 59 244 195 195
n02802426_4197.jpg 4 1 62 28 28 0 340 28 28 182 332 65 65 161 111 154 154
n02802426_5016.jpg 5 241 216 33 33 273 224 26 26 116 385 35 35 174 10 65 65 195 365 99 99
n02802426_580.jpg 9 109 70 26 26 20 128 49 49 390 266 43 43 144 151 38 38 343 152 55 55 185 55 79 79 272 10 77 77 51 168 66 66 61 51 154 154
n02802426_6147.jpg 2 320 121 64 64 209 115 68 68
n02802426_6315.jpg 7 146 19 27 27 447 36 28 28 428 278 28 28 333 97 65 65 263 258 60 60 345 236 58 58 344 4 87 87
n02802426_7562.jpg 6 143 190 26 26 6 450 26 26 82 457 30 30 90 336 57 57 68 423 67 67 99 309 88 88
n02802426_7865.jpg 6 309 259 31 31 248 20 44 44 281 165 30 30 240 250 34 34 355 261 64 64 75 198 121 121
n02802426_8153.jpg 16 74 33 26 26 145 84 26 26 252 48 28 28 275 211 30 30 64 470 26 26 287 310 32 32 74 58 28 28 274 126 32 32 17 111 37 37 218 15 42 42 97 91 52 52 251 302 48 48 135 289 58 58 126 367 74 74 8 79 77 77 132 232 166 166
n02802426_8291.jpg 14 230 0 26 26 205 19 26 26 65 22 28 28 86 21 29 29 102 216 26 26 189 1 29 29 234 43 30 30 291 58 28 28 148 360 31 31 62 401 44 44 104 374 46 46 191 78 54 54 154 379 65 65 161 234 122 122
n02802426_8721.jpg 6 80 332 26 26 155 53 26 26 81 116 31 31 51 45 54 54 23 296 53 53 94 199 91 91
n02802426_9099.jpg 4 184 303 26 26 355 19 55 55 380 213 56 56 318 89 50 50
n02882301_1419.jpg 0
n02882301_1499.jpg 8 110 318 29 29 276 389 32 32 294 412 30 30 286 64 36 36 273 461 32 32 204 194 42 42 261 377 49 49 197 388 53 53
n02882301_455.jpg 18 154 340 26 26 144 277 29 29 277 293 30 30 177 108 29 29 44 114 37 37 373 129 27 27 154 132 27 27 144 106 35 35 456 246 28 28 232 315 30 30 174 245 53 53 108 293 51 51 413 68 52 52 129 261 53 53 148 44 63 63 392 109 61 61 399 48 71 71 318 199 84 84
n03134739_1021.jpg 11 440 2 26 26 327 166 28 28 122 74 33 33 327 305 28 28 244 138 34 34 438 158 36 36 323 290 50 50 265 255 58 58 418 24 65 65 99 70 65 65 188 157 72 72
n03134739_122.jpg 2 45 245 57 57 353 135 53 53
n03134739_1281.jpg 1 449 90 30 30
n03134739_1724.jpg 7 9 120 27 27 146 32 32 32 243 227 42 42 22 42 56 56 168 415 62 62 259 431 62 62 13 14 90 90
n03134739_1741.jpg 2 4 30 25 25 42 17 80 80
n03134739_206.jpg 3 51 304 58 58 352 63 120 120 293 27 181 181
n03134739_2615.jpg 8 202 150 73 73 58 184 54 54 152 136 60 60 359 40 71 71 359 173 91 91 6 257 88 88 177 26 121 121 319 128 168 168
n03134739_3468.jpg 13 27 16 25 25 31 438 29 29 53 4 30 30 248 309 34 34 232 244 35 35 111 321 34 34 268 247 36 36 92 151 47 47 303 235 71 71 60 252 57 57 263 246 55 55 159 311 71 71 204 112 120 120
n03134739_3564.jpg 8 295 228 29 29 170 247 26 26 39 103 26 26 335 200 31 31 377 177 49 49 176 119 61 61 283 211 52 52 140 77 127 127
n03134739_4339.jpg 6 80 74 32 32 320 292 41 41 97 80 77 77 236 76 89 89 332 199 84 84 143 114 98 98
n03134739_4367.jpg 3 94 280 54 54 56 260 79 79 139 124 60 60
n03134739_4416.jpg 5 74 326 27 27 267 328 31 31 130 87 37 37 189 91 81 81 97 36 118 118
n03134739_4469.jpg 1 382 114 75 75
n03134739_5586.jpg 1 411 139 52 52
n03134739_581.jpg 5 89 17 25 25 331 49 30 30 352 89 48 48 394 255 70 70 334 93 78 78
n03134739_6484.jpg 5 238 275 26 26 100 119 25 25 181 36 35 35 95 61 58 58 16 2 65 65
n03134739_7079.jpg 5 191 20 32 32 255 159 39 39 54 290 52 52 177 2 52 52 309 19 60 60
n03134739_711.jpg 11 329 265 34 34 259 128 30 30 229 223 36 36 122 294 100 100 246 379 62 62 317 391 67 67 177 352 66 66 261 291 76 76 208 92 96 96 294 338 136 136 54 180 253 253
n03134739_7389.jpg 7 348 40 26 26 104 53 26 26 210 22 27 27 7 220 52 52 408 125 55 55 74 86 70 70 81 26 123 123
n03134739_9388.jpg 2 71 3 34 34 252 212 58 58
n03145719_1044.jpg 0
n03145719_1357.jpg 3 120 225 34 34 68 262 52 52 191 112 81 81
n03145719_5738.jpg 7 216 45 38 38 112 18 41 41 28 31 51 51 82 314 54 54 208 21 70 70 70 228 170 170 14 106 298 298
n03145719_7595.jpg 5 471 111 26 26 231 11 27 27 314 119 54 54 222 261 58 58 200 233 94 94
n03267113_1098.jpg 9 238 6 27 27 411 105 32 32 65 304 31 31 345 171 47 47 22 221 48 48 223 197 55 55 336 150 70 70 210 168 88 88 169 122 159 159
n03267113_1574.jpg 8 82 337 29 29 179 249 27 27 35 90 35 35 120 343 40 40 55 354 44 44 235 209 52 52 199 410 81 81 240 134 138 138
n03267113_2761.jpg 1 266 108 58 58
n03267113_3295.jpg 2 118 59 52 52 155 84 53 53
n03267113_4115.jpg 6 24 1 27 27 196 201 30 30 207 118 26 26 92 280 56 56 1 244 59 59 244 200 138 138
n03267113_441.jpg 4 23 186 78 78 233 372 85 85 110 118 106 106 101 343 106 106
n03267113_461.jpg 1 62 300 165 165
n03267113_4647.jpg 3 112 149 34 34 99 130 60 60 67 108 98 98
n03267113_5826.jpg 0
n03267113_589.jpg 5 164 179 52 52 79 142 57 57 76 88 56 56 171 252 57 57 105 80 66 66
n03267113_7661.jpg 3 149 82 31 31 131 108 33 33 167 108 88 88
n03721047_2214.jpg 3 24 117 51 51 344 350 75 75 198 277 95 95
n03721047_250.jpg 5 116 93 27 27 123 19 27 27 237 102 71 71 146 121 40 40 56 44 47 47
n03721047_274.jpg 9 346 128 26 26 146 145 27 27 111 336 29 29 263 216 51 51 149 14 52 52 317 57 51 51 182 169 73 73 254 190 100 100 138 238 129 129
n03721047_4085.jpg 0
n03721047_656.jpg 4 78 75 25 25 222 205 32 32 40 332 36 36 38 85 40 40
n03721047_8993.jpg 14 205 435 27 27 217 404 30 30 149 457 31 31 176 424 29 29 296 313 30 30 78 150 29 29 146 405 33 33 20 416 62 62 205 79 53 53 310 430 39 39 228 385 38 38 47 312 91 91 287 360 80 80 203 87 145 145
n03721047_9248.jpg 0
n03721047_9523.jpg 6 150 18 26 26 281 198 30 30 306 258 28 28 363 259 30 30 250 105 67 67 105 109 81 81
n03721047_9665.jpg 5 442 115 31 31 138 212 30 30 383 143 47 47 403 148 60 60 309 231 86 86
n03721047_9700.jpg 8 158 185 35 35 0 2 42 42 275 228 38 38 70 9 53 53 139 242 54 54 159 88 72 72 63 98 64 64 70 167 102 102
n03742019_2541.jpg 3 244 8 31 31 106 203 83 83 278 283 167 167
n03742019_2668.jpg 0
n03742019_2752.jpg 0
n03742019_2794.jpg 5 134 103 28 28 165 175 44 44 108 166 56 56 99 72 53 53 82 71 79 79
n03742019_3692.jpg 2 73 5 31 31 18 53 37 37
n03742019_4283.jpg 9 227 158 44 44 181 167 33 33 154 171 29 29 337 173 29 29 127 174 32 32 220 354 53 53 84 156 62 62 202 329 85 85 200 347 110 110
n03742019_5687.jpg 6 88 190 30 30 223 271 33 33 248 288 59 59 96 237 66 66 112 148 82 82 94 217 98 98
n03742019_6147.jpg 3 104 195 53 53 270 186 90 90 26 202 74 74
n03742019_6520.jpg 4 290 157 25 25 306 115 35 35 399 47 51 51 40 23 83 83
n03742019_6763.jpg 3 268 177 90 90 23 224 58 58 12 204 67 67
n03742019_6967.jpg 0
n03742019_7026.jpg 0
n03742019_7523.jpg 0
n03742019_7852.jpg 1 104 81 85 85
n03942813_2956.jpg 20 415 62 26 26 456 61 26 26 173 263 49 49 60 16 39 39 92 18 46 46 210 267 48 48 270 64 51 51 19 81 54 54 274 312 53 53 93 116 53 53 81 88 49 49 317 153 60 60 23 176 55 55 77 320 50 50 354 101 61 61 395 274 57 57 29 107 59 59 410 151 76 76 19 135 112 112 148 36 221 221
n03942813_3468.jpg 5 15 173 45 45 425 121 34 34 61 275 50 50 91 134 57 57 117 37 111 111
n03942813_352.jpg 6 116 223 37 37 253 247 27 27 250 103 36 36 149 259 53 53 269 235 50 50 113 184 82 82
n03942813_3709.jpg 6 211 180 26 26 350 211 29 29 308 212 28 28 277 160 24 24 98 186 84 84 121 259 60 60
n03942813_4594.jpg 11 314 253 30 30 148 259 30 30 420 257 35 35 178 174 70 70 444 59 47 47 342 221 59 59 71 106 67 67 383 181 67 67 240 229 76 76 342 268 78 78 71 71 113 113
n03942813_4693.jpg 3 126 58 24 24 333 71 74 74 213 55 130 130
n03942813_5593.jpg 14 114 284 30 30 400 353 28 28 417 429 30 30 314 115 33 33 194 384 41 41 326 219 47 47 311 22 54 54 182 310 58 58 344 51 64 64 98 251 66 66 371 97 69 69 291 374 62 62 84 191 87 87 210 122 98 98
n03942813_5850.jpg 8 306 174 29 29 434 398 34 34 183 198 50 50 429 399 49 49 321 192 62 62 176 58 61 61 152 99 77 77 248 47 110 110
n03942813_7780.jpg 7 44 230 24 24 265 287 32 32 185 320 39 39 248 331 58 58 119 4 62 62 0 274 79 79 139 110 109 109
n03942813_7791.jpg 2 379 297 27 27 94 74 242 242
n03942813_8841.jpg 1 277 207 48 48
n03942813_8925.jpg 2 84 174 28 28 357 190 76 76
n03942813_9001.jpg 7 222 310 26 26 118 51 32 32 420 220 32 32 55 146 59 59 412 170 47 47 77 213 50 50 42 103 123 123
n03942813_9090.jpg 23 286 4 27 27 308 22 27 27 14 53 29 29 53 104 26 26 283 78 26 26 74 132 28 28 462 164 31 31 448 144 25 25 31 183 32 32 337 95 28 28 99 61 28 28 54 65 31 31 132 228 32 32 208 104 32 32 52 114 33 33 93 191 45 45 94 76 44 44 94 44 49 49 78 184 57 57 162 167 52 52 418 6 61 61 257 221 73 73 192 199 72 72
n03942813_9271.jpg 7 373 166 32 32 134 290 48 48 138 139 65 65 89 155 60 60 362 150 54 54 323 312 59 59 353 55 90 90
n03982232_1352.jpg 4 227 259 37 37 61 281 32 32 332 175 45 45 156 259 53 53
n03982232_1744.jpg 2 359 162 81 81 265 81 89 89
n03982232_2212.jpg 3 245 151 116 116 151 18 189 189 121 12 298 298
n03982232_297.jpg 8 36 94 36 36 420 103 31 31 155 216 25 25 137 243 25 25 10 82 27 27 266 175 28 28 385 61 57 57 402 218 54 54
n03982232_329.jpg 7 246 31 30 30 76 149 26 26 279 170 45 45 304 21 41 41 356 226 54 54 243 102 58 58 105 230 77 77
n03982232_3311.jpg 7 242 346 26 26 431 184 33 33 177 141 42 42 109 97 52 52 395 263 56 56 255 135 66 66 228 92 127 127
n03982232_383.jpg 8 154 194 28 28 234 392 34 34 128 287 49 49 163 324 55 55 200 197 51 51 130 376 52 52 124 122 87 87 186 193 104 104
n03982232_4377.jpg 3 305 213 62 62 240 148 56 56 262 213 70 70
n03982232_4583.jpg 2 43 144 33 33 173 167 63 63
n03982232_4671.jpg 8 266 2 26 26 285 2 29 29 331 24 26 26 248 34 27 27 368 6 56 56 360 109 80 80 23 93 79 79 209 102 96 96
n03982232_540.jpg 2 273 412 31 31 275 461 35 35
n03982232_5971.jpg 4 463 49 31 31 364 148 31 31 261 91 55 55 140 50 76 76
n03982232_6668.jpg 6 38 307 30 30 135 122 44 44 391 92 47 47 232 203 56 56 104 44 59 59 346 94 62 62
n03982232_7456.jpg 6 245 65 29 29 289 56 54 54 115 192 51 51 109 13 67 67 370 91 61 61 3 51 106 106
n03982232_8290.jpg 2 331 102 29 29 356 98 38 38
n04409515_10312.jpg 5 450 225 33 33 95 5 42 42 41 180 54 54 267 287 57 57 127 128 105 105
n04409515_11818.jpg 2 258 170 63 63 188 159 93 93
n04409515_1251.jpg 13 201 272 57 57 210 389 28 28 177 186 30 30 168 211 33 33 249 104 37 37 320 125 41 41 98 15 65 65 96 186 54 54 288 82 52 52 313 215 56 56 71 86 72 72 20 63 81 81 155 74 92 92
n04409515_13007.jpg 3 281 193 53 53 211 150 52 52 130 191 155 155
n04409515_1623.jpg 14 316 2 28 28 300 98 26 26 6 233 30 30 106 238 42 42 277 122 37 37 61 324 50 50 67 431 57 57 285 235 49 49 142 185 58 58 227 111 65 65 281 279 79 79 283 242 80 80 170 228 89 89 22 208 265 265
n04409515_1712.jpg 0
n04409515_1768.jpg 6 170 277 27 27 257 36 27 27 254 159 28 28 330 24 38 38 109 45 52 52 202 1 89 89
n04409515_17747.jpg 9 91 114 28 28 96 174 27 27 69 291 27 27 358 200 54 54 358 56 29 29 17 174 73 73 405 25 56 56 360 252 54 54 137 199 171 171
n04409515_19377.jpg 2 165 118 27 27 346 273 52 52
n04409515_21754.jpg 0
n04409515_2591.jpg 14 329 63 28 28 424 137 28 28 427 41 34 34 397 154 38 38 76 175 54 54 258 264 52 52 367 64 52 52 50 90 61 61 306 278 58 58 319 240 54 54 391 270 60 60 193 129 119 119 112 177 129 129 62 67 276 276
n04409515_2637.jpg 2 375 231 30 30 346 96 104 104
n04409515_2723.jpg 11 206 398 28 28 226 124 27 27 99 153 30 30 190 82 32 32 396 369 50 50 106 69 42 42 186 35 58 58 377 44 60 60 415 61 69 69 307 15 97 97 209 169 206 206
n04409515_5682.jpg 5 250 150 25 25 118 195 39 39 413 289 40 40 271 135 57 57 23 50 105 105
n04409515_6495.jpg 6 212 59 25 25 291 270 29 29 194 92 27 27 108 243 46 46 69 21 56 56 329 186 54 54
n04540053_11814.jpg 3 330 172 28 28 323 185 26 26 0 24 258 258
n04540053_12074.jpg 2 56 240 25 25 83 73 51 51
n04540053_1253.jpg 7 174 430 26 26 136 404 28 28 93 369 33 33 140 245 55 55 203 240 62 62 90 280 57 57 28 238 67 67
n04540053_13496.jpg 8 0 190 26 26 222 354 28 28 173 300 31 31 45 358 28 28 346 242 33 33 405 181 51 51 219 184 51 51 343 225 56 56
n04540053_14217.jpg 3 92 33 30 30 134 19 73 73 172 50 98 98
n04540053_1470.jpg 2 166 6 27 27 68 6 60 60
n04540053_15031.jpg 3 312 340 27 27 18 320 29 29 270 311 41 41
n04540053_2131.jpg 13 334 89 37 37 278 58 26 26 413 81 27 27 334 173 37 37 166 44 44 44 330 38 50 50 234 227 76 76 271 192 51 51 123 1 51 51 286 81 52 52 369 222 63 63 298 224 74 74 77 205 99 99
n04540053_2139.jpg 7 208 104 25 25 464 44 26 26 280 75 26 26 331 32 28 28 136 80 31 31 233 30 54 54 226 141 65 65
n04540053_2866.jpg 7 300 449 29 29 85 399 30 30 216 254 32 32 89 307 52 52 122 185 81 81 96 37 54 54 62 127 168 168
n04540053_3229.jpg 1 292 217 26 26
n04540053_3485.jpg 6 0 84 26 26 398 306 27 27 205 201 34 34 0 71 41 41 103 75 117 117 261 42 174 174
n04540053_3577.jpg 6 280 212 28 28 123 157 36 36 389 2 54 54 276 187 57 57 116 155 80 80 260 170 83 83
n04540053_3650.jpg 3 55 23 28 28 242 217 30 30 209 96 87 87
n04540053_3782.jpg 6 337 368 26 26 266 208 52 52 298 223 57 57 47 99 91 91 75 170 115 115 184 154 116 116
n04540053_4301.jpg 5 241 171 34 34 427 279 30 30 289 64 42 42 88 229 56 56 60 189 63 63
n04540053_6759.jpg 6 228 164 51 51 306 140 53 53 180 119 66 66 362 157 65 65 305 51 90 90 227 123 96 96
n04540053_8002.jpg 4 151 201 61 61 29 157 60 60 146 148 78 78 184 181 151 151
n04540053_9053.jpg 6 218 445 30 30 226 56 57 57 14 309 69 69 199 286 70 70 226 6 67 67 96 178 90 90
n04540053_9709.jpg 3 276 348 25 25 214 131 87 87 171 70 124 124
