n02799071_10481.jpg 1 306 191 61 61
n02799071_10990.jpg 0
n02799071_11291.jpg 0
n02799071_12862.jpg 0
n02799071_16409.jpg 0
n02799071_2174.jpg 1 184 31 27 27
n02799071_25420.jpg 0
n02799071_2663.jpg 0
n02799071_27403.jpg 1 222 221 80 80
n02799071_352.jpg 0
n02799071_4339.jpg 0
n02799071_4432.jpg 0
n02799071_4685.jpg 2 94 270 59 59 149 136 62 62
n02799071_5299.jpg 1 54 59 410 410
n02799071_5419.jpg 2 86 82 60 60 302 424 68 68
n02799071_5726.jpg 0
n02799071_6677.jpg 0
n02799071_7126.jpg 0
n02799071_7426.jpg 0
n02799071_7765.jpg 1 230 48 42 42
n02799071_8434.jpg 0
n02799071_9369.jpg 1 124 84 219 219
n02799071_9439.jpg 1 305 272 174 174
n02799071_9666.jpg 1 5 38 66 66
n02802426_10109.jpg 1 110 254 25 25
n02802426_1071.jpg 0
n02802426_1130.jpg 0
n02802426_1167.jpg 3 139 206 28 28 128 190 31 31 127 5 80 80
n02802426_11764.jpg 1 202 6 48 48
n02802426_11890.jpg 0
n02802426_12389.jpg 1 219 329 52 52
n02802426_12647.jpg 0
n02802426_12868.jpg 1 246 268 44 44
n02802426_13030.jpg 0
n02802426_13133.jpg 0
n02802426_2034.jpg 0
n02802426_2744.jpg 2 82 280 28 28 425 82 34 34
n02802426_4040.jpg 0
n02802426_4129.jpg 0
n02802426_4197.jpg 1 78 115 50 50
n02802426_5016.jpg 0
n02802426_580.jpg 0
n02802426_6147.jpg 0
n02802426_6315.jpg 0
n02802426_7562.jpg 0
n02802426_7865.jpg 1 35 189 59 59
n02802426_8153.jpg 0
n02802426_8291.jpg 1 124 26 33 33
n02802426_8721.jpg 0
n02802426_9099.jpg 0
n02882301_1419.jpg 1 180 177 58 58
n02882301_1499.jpg 0
n02882301_455.jpg 1 170 297 34 34
n03134739_1021.jpg 1 272 21 108 108
n03134739_122.jpg 0
n03134739_1281.jpg 0
n03134739_1724.jpg 0
n03134739_1741.jpg 0
n03134739_206.jpg 1 307 32 142 142
n03134739_2615.jpg 0
n03134739_3468.jpg 0
n03134739_3564.jpg 0
n03134739_4339.jpg 1 342 207 31 31
n03134739_4367.jpg 0
n03134739_4416.jpg 0
n03134739_4469.jpg 1 332 218 52 52
n03134739_5586.jpg 0
n03134739_581.jpg 0
n03134739_6484.jpg 0
n03134739_7079.jpg 1 10 104 56 56
n03134739_711.jpg 0
n03134739_7389.jpg 0
n03134739_9388.jpg 0
n03145719_1044.jpg 1 391 165 89 89
n03145719_1357.jpg 0
n03145719_5738.jpg 1 81 218 154 154
n03145719_7595.jpg 0
n03267113_1098.jpg 3 430 126 52 52 387 21 90 90 169 132 113 113
n03267113_1574.jpg 4 86 329 34 34 56 360 32 32 146 393 66 66 122 326 68 68
n03267113_2761.jpg 0
n03267113_3295.jpg 0
n03267113_4115.jpg 4 396 69 49 49 163 80 54 54 207 89 57 57 162 175 104 104
n03267113_441.jpg 2 148 174 26 26 104 351 79 79
n03267113_461.jpg 0
n03267113_4647.jpg 2 298 139 58 58 66 105 80 80
n03267113_5826.jpg 1 230 150 55 55
n03267113_589.jpg 2 420 152 24 24 276 178 101 101
n03267113_7661.jpg 1 84 43 159 159
n03721047_2214.jpg 2 256 399 61 61 376 372 112 112
n03721047_250.jpg 1 124 87 155 155
n03721047_274.jpg 0
n03721047_4085.jpg 4 301 85 32 32 87 94 59 59 196 76 92 92 86 76 105 105
n03721047_656.jpg 1 167 40 217 217
n03721047_8993.jpg 0
n03721047_9248.jpg 0
n03721047_9523.jpg 1 11 54 372 372
n03721047_9665.jpg 0
n03721047_9700.jpg 2 44 34 52 52 153 91 70 70
n03742019_2541.jpg 2 363 41 214 214 134 63 226 226
n03742019_2668.jpg 0
n03742019_2752.jpg 0
n03742019_2794.jpg 0
n03742019_3692.jpg 0
n03742019_4283.jpg 0
n03742019_5687.jpg 0
n03742019_6147.jpg 0
n03742019_6520.jpg 0
n03742019_6763.jpg 1 355 91 31 31
n03742019_6967.jpg 1 29 5 86 86
n03742019_7026.jpg 0
n03742019_7523.jpg 1 22 14 253 253
n03742019_7852.jpg 1 57 52 170 170
n03942813_2956.jpg 7 398 287 30 30 176 318 30 30 208 319 32 32 74 333 32 32 27 308 36 36 176 268 34 34 191 227 38 38
n03942813_3468.jpg 2 311 242 27 27 22 76 29 29
n03942813_352.jpg 1 265 236 44 44
n03942813_3709.jpg 2 126 261 54 54 99 185 76 76
n03942813_4594.jpg 1 77 53 119 119
n03942813_4693.jpg 0
n03942813_5593.jpg 2 308 10 29 29 138 82 94 94
n03942813_5850.jpg 2 2 288 26 26 238 6 155 155
n03942813_7780.jpg 1 1 290 53 53
n03942813_7791.jpg 0
n03942813_8841.jpg 2 258 200 29 29 278 203 57 57
n03942813_8925.jpg 1 203 27 52 52
n03942813_9001.jpg 0
n03942813_9090.jpg 1 90 273 25 25
n03942813_9271.jpg 0
n03982232_1352.jpg 0
n03982232_1744.jpg 1 205 41 128 128
n03982232_2212.jpg 1 129 42 230 230
n03982232_297.jpg 0
n03982232_329.jpg 1 198 76 61 61
n03982232_3311.jpg 2 253 215 37 37 342 216 56 56
n03982232_383.jpg 2 132 375 39 39 128 280 56 56
n03982232_4377.jpg 1 270 192 83 83
n03982232_4583.jpg 3 232 174 46 46 187 175 54 54 86 167 98 98
n03982232_4671.jpg 0
n03982232_540.jpg 1 138 60 167 167
n03982232_5971.jpg 3 177 143 71 71 384 107 72 72 308 99 89 89
n03982232_6668.jpg 0
n03982232_7456.jpg 1 208 16 26 26
n03982232_8290.jpg 0
n04409515_10312.jpg 0
n04409515_11818.jpg 0
n04409515_1251.jpg 1 211 337 96 96
n04409515_13007.jpg 1 278 197 100 100
n04409515_1623.jpg 1 211 365 51 51
n04409515_1712.jpg 1 141 87 79 79
n04409515_1768.jpg 0
n04409515_17747.jpg 0
n04409515_19377.jpg 0
n04409515_21754.jpg 0
n04409515_2591.jpg 0
n04409515_2637.jpg 0
n04409515_2723.jpg 0
n04409515_5682.jpg 0
n04409515_6495.jpg 1 107 17 325 325
n04540053_11814.jpg 1 31 9 246 246
n04540053_12074.jpg 0
n04540053_1253.jpg 0
n04540053_13496.jpg 1 238 113 28 28
n04540053_14217.jpg 0
n04540053_1470.jpg 0
n04540053_15031.jpg 0
n04540053_2131.jpg 0
n04540053_2139.jpg 1 146 29 30 30
n04540053_2866.jpg 0
n04540053_3229.jpg 1 167 225 32 32
n04540053_3485.jpg 0
n04540053_3577.jpg 1 180 45 31 31
n04540053_3650.jpg 0
n04540053_3782.jpg 0
n04540053_4301.jpg 0
n04540053_6759.jpg 0
n04540053_8002.jpg 0
n04540053_9053.jpg 0
n04540053_9709.jpg 1 225 182 56 56
